0.000000	1.000000
0.001000	0.999930
0.002000	0.999801
0.003000	0.999635
0.004000	0.999438
0.005000	0.999215
0.006000	0.998968
0.007000	0.998701
0.008000	0.998413
0.009000	0.998107
0.010000	0.997784
0.011000	0.997444
0.012000	0.997089
0.013000	0.996719
0.014000	0.996335
0.015000	0.995937
0.016000	0.995526
0.017000	0.995102
0.018000	0.994666
0.019000	0.994218
0.020000	0.993758
0.021000	0.993287
0.022000	0.992804
0.023000	0.992312
0.024000	0.991808
0.025000	0.991294
0.026000	0.990771
0.027000	0.990237
0.028000	0.989694
0.029000	0.989142
0.030000	0.988580
0.031000	0.988010
0.032000	0.987430
0.033000	0.986842
0.034000	0.986245
0.035000	0.985640
0.036000	0.985027
0.037000	0.984405
0.038000	0.983776
0.039000	0.983138
0.040000	0.982493
0.041000	0.981840
0.042000	0.981180
0.043000	0.980512
0.044000	0.979837
0.045000	0.979155
0.046000	0.978466
0.047000	0.977769
0.048000	0.977066
0.049000	0.976356
0.050000	0.975639
0.051000	0.974915
0.052000	0.974185
0.053000	0.973449
0.054000	0.972705
0.055000	0.971956
0.056000	0.971200
0.057000	0.970438
0.058000	0.969670
0.059000	0.968896
0.060000	0.968116
0.061000	0.967330
0.062000	0.966538
0.063000	0.965741
0.064000	0.964937
0.065000	0.964128
0.066000	0.963314
0.067000	0.962493
0.068000	0.961667
0.069000	0.960836
0.070000	0.960000
0.071000	0.959158
0.072000	0.958310
0.073000	0.957458
0.074000	0.956600
0.075000	0.955737
0.076000	0.954869
0.077000	0.953996
0.078000	0.953118
0.079000	0.952235
0.080000	0.951348
0.081000	0.950455
0.082000	0.949557
0.083000	0.948655
0.084000	0.947748
0.085000	0.946836
0.086000	0.945920
0.087000	0.944999
0.088000	0.944074
0.089000	0.943143
0.090000	0.942209
0.091000	0.941270
0.092000	0.940326
0.093000	0.939379
0.094000	0.938426
0.095000	0.937470
0.096000	0.936509
0.097000	0.935544
0.098000	0.934575
0.099000	0.933602
0.100000	0.932624
0.101000	0.931643
0.102000	0.930657
0.103000	0.929668
0.104000	0.928674
0.105000	0.927676
0.106000	0.926675
0.107000	0.925669
0.108000	0.924660
0.109000	0.923647
0.110000	0.922630
0.111000	0.921609
0.112000	0.920585
0.113000	0.919556
0.114000	0.918524
0.115000	0.917489
0.116000	0.916450
0.117000	0.915407
0.118000	0.914360
0.119000	0.913310
0.120000	0.912257
0.121000	0.911200
0.122000	0.910139
0.123000	0.909075
0.124000	0.908008
0.125000	0.906937
0.126000	0.905863
0.127000	0.904785
0.128000	0.903705
0.129000	0.902620
0.130000	0.901533
0.131000	0.900442
0.132000	0.899348
0.133000	0.898251
0.134000	0.897151
0.135000	0.896048
0.136000	0.894941
0.137000	0.893831
0.138000	0.892719
0.139000	0.891603
0.140000	0.890484
0.141000	0.889362
0.142000	0.888237
0.143000	0.887109
0.144000	0.885978
0.145000	0.884845
0.146000	0.883708
0.147000	0.882568
0.148000	0.881426
0.149000	0.880281
0.150000	0.879133
0.151000	0.877982
0.152000	0.876828
0.153000	0.875672
0.154000	0.874512
0.155000	0.873350
0.156000	0.872186
0.157000	0.871018
0.158000	0.869848
0.159000	0.868676
0.160000	0.867501
0.161000	0.866323
0.162000	0.865142
0.163000	0.863959
0.164000	0.862774
0.165000	0.861585
0.166000	0.860395
0.167000	0.859202
0.168000	0.858006
0.169000	0.856808
0.170000	0.855607
0.171000	0.854405
0.172000	0.853199
0.173000	0.851991
0.174000	0.850781
0.175000	0.849569
0.176000	0.848354
0.177000	0.847137
0.178000	0.845918
0.179000	0.844696
0.180000	0.843472
0.181000	0.842246
0.182000	0.841017
0.183000	0.839786
0.184000	0.838554
0.185000	0.837319
0.186000	0.836081
0.187000	0.834842
0.188000	0.833600
0.189000	0.832357
0.190000	0.831111
0.191000	0.829863
0.192000	0.828613
0.193000	0.827361
0.194000	0.826107
0.195000	0.824851
0.196000	0.823593
0.197000	0.822333
0.198000	0.821071
0.199000	0.819807
0.200000	0.818541
0.201000	0.817273
0.202000	0.816003
0.203000	0.814732
0.204000	0.813458
0.205000	0.812183
0.206000	0.810905
0.207000	0.809626
0.208000	0.808345
0.209000	0.807063
0.210000	0.805778
0.211000	0.804492
0.212000	0.803203
0.213000	0.801913
0.214000	0.800622
0.215000	0.799328
0.216000	0.798033
0.217000	0.796736
0.218000	0.795438
0.219000	0.794138
0.220000	0.792836
0.221000	0.791533
0.222000	0.790227
0.223000	0.788921
0.224000	0.787612
0.225000	0.786302
0.226000	0.784991
0.227000	0.783678
0.228000	0.782363
0.229000	0.781047
0.230000	0.779729
0.231000	0.778410
0.232000	0.777090
0.233000	0.775767
0.234000	0.774444
0.235000	0.773119
0.236000	0.771792
0.237000	0.770464
0.238000	0.769135
0.239000	0.767804
0.240000	0.766472
0.241000	0.765138
0.242000	0.763803
0.243000	0.762467
0.244000	0.761129
0.245000	0.759790
0.246000	0.758450
0.247000	0.757108
0.248000	0.755765
0.249000	0.754421
0.250000	0.753075
0.251000	0.751729
0.252000	0.750381
0.253000	0.749032
0.254000	0.747681
0.255000	0.746329
0.256000	0.744977
0.257000	0.743623
0.258000	0.742267
0.259000	0.740911
0.260000	0.739553
0.261000	0.738195
0.262000	0.736835
0.263000	0.735474
0.264000	0.734112
0.265000	0.732749
0.266000	0.731385
0.267000	0.730020
0.268000	0.728653
0.269000	0.727286
0.270000	0.725918
0.271000	0.724548
0.272000	0.723178
0.273000	0.721806
0.274000	0.720434
0.275000	0.719061
0.276000	0.717686
0.277000	0.716311
0.278000	0.714935
0.279000	0.713558
0.280000	0.712179
0.281000	0.710800
0.282000	0.709421
0.283000	0.708040
0.284000	0.706658
0.285000	0.705276
0.286000	0.703892
0.287000	0.702508
0.288000	0.701123
0.289000	0.699737
0.290000	0.698350
0.291000	0.696963
0.292000	0.695574
0.293000	0.694185
0.294000	0.692795
0.295000	0.691405
0.296000	0.690013
0.297000	0.688621
0.298000	0.687229
0.299000	0.685835
0.300000	0.684441
0.301000	0.683046
0.302000	0.681650
0.303000	0.680254
0.304000	0.678857
0.305000	0.677459
0.306000	0.676061
0.307000	0.674662
0.308000	0.673263
0.309000	0.671863
0.310000	0.670462
0.311000	0.669060
0.312000	0.667659
0.313000	0.666256
0.314000	0.664853
0.315000	0.663449
0.316000	0.662045
0.317000	0.660641
0.318000	0.659235
0.319000	0.657830
0.320000	0.656424
0.321000	0.655017
0.322000	0.653610
0.323000	0.652202
0.324000	0.650794
0.325000	0.649385
0.326000	0.647976
0.327000	0.646567
0.328000	0.645157
0.329000	0.643747
0.330000	0.642336
0.331000	0.640925
0.332000	0.639514
0.333000	0.638102
0.334000	0.636690
0.335000	0.635277
0.336000	0.633864
0.337000	0.632451
0.338000	0.631037
0.339000	0.629623
0.340000	0.628209
0.341000	0.626795
0.342000	0.625380
0.343000	0.623965
0.344000	0.622550
0.345000	0.621134
0.346000	0.619718
0.347000	0.618302
0.348000	0.616886
0.349000	0.615469
0.350000	0.614053
0.351000	0.612636
0.352000	0.611219
0.353000	0.609801
0.354000	0.608384
0.355000	0.606966
0.356000	0.605548
0.357000	0.604130
0.358000	0.602712
0.359000	0.601294
0.360000	0.599876
0.361000	0.598457
0.362000	0.597039
0.363000	0.595620
0.364000	0.594201
0.365000	0.592783
0.366000	0.591364
0.367000	0.589945
0.368000	0.588526
0.369000	0.587107
0.370000	0.585688
0.371000	0.584269
0.372000	0.582850
0.373000	0.581431
0.374000	0.580011
0.375000	0.578592
0.376000	0.577173
0.377000	0.575754
0.378000	0.574335
0.379000	0.572916
0.380000	0.571498
0.381000	0.570079
0.382000	0.568660
0.383000	0.567241
0.384000	0.565823
0.385000	0.564405
0.386000	0.562986
0.387000	0.561568
0.388000	0.560150
0.389000	0.558732
0.390000	0.557314
0.391000	0.555897
0.392000	0.554479
0.393000	0.553062
0.394000	0.551645
0.395000	0.550228
0.396000	0.548811
0.397000	0.547395
0.398000	0.545978
0.399000	0.544562
0.400000	0.543146
0.401000	0.541731
0.402000	0.540315
0.403000	0.538900
0.404000	0.537485
0.405000	0.536071
0.406000	0.534657
0.407000	0.533243
0.408000	0.531829
0.409000	0.530416
0.410000	0.529002
0.411000	0.527590
0.412000	0.526177
0.413000	0.524765
0.414000	0.523354
0.415000	0.521942
0.416000	0.520531
0.417000	0.519121
0.418000	0.517710
0.419000	0.516301
0.420000	0.514891
0.421000	0.513482
0.422000	0.512073
0.423000	0.510665
0.424000	0.509258
0.425000	0.507850
0.426000	0.506443
0.427000	0.505037
0.428000	0.503631
0.429000	0.502226
0.430000	0.500821
0.431000	0.499416
0.432000	0.498012
0.433000	0.496609
0.434000	0.495206
0.435000	0.493803
0.436000	0.492401
0.437000	0.491000
0.438000	0.489599
0.439000	0.488199
0.440000	0.486799
0.441000	0.485400
0.442000	0.484001
0.443000	0.482603
0.444000	0.481206
0.445000	0.479809
0.446000	0.478413
0.447000	0.477017
0.448000	0.475622
0.449000	0.474228
0.450000	0.472834
0.451000	0.471441
0.452000	0.470049
0.453000	0.468657
0.454000	0.467266
0.455000	0.465876
0.456000	0.464486
0.457000	0.463097
0.458000	0.461709
0.459000	0.460322
0.460000	0.458935
0.461000	0.457549
0.462000	0.456164
0.463000	0.454779
0.464000	0.453395
0.465000	0.452012
0.466000	0.450630
0.467000	0.449248
0.468000	0.447867
0.469000	0.446487
0.470000	0.445108
0.471000	0.443730
0.472000	0.442352
0.473000	0.440976
0.474000	0.439600
0.475000	0.438225
0.476000	0.436851
0.477000	0.435477
0.478000	0.434105
0.479000	0.432733
0.480000	0.431362
0.481000	0.429993
0.482000	0.428624
0.483000	0.427255
0.484000	0.425888
0.485000	0.424522
0.486000	0.423157
0.487000	0.421792
0.488000	0.420429
0.489000	0.419066
0.490000	0.417705
0.491000	0.416344
0.492000	0.414985
0.493000	0.413626
0.494000	0.412268
0.495000	0.410912
0.496000	0.409556
0.497000	0.408201
0.498000	0.406847
0.499000	0.405495
0.500000	0.404143
0.501000	0.402793
0.502000	0.401443
0.503000	0.400095
0.504000	0.398747
0.505000	0.397401
0.506000	0.396055
0.507000	0.394711
0.508000	0.393368
0.509000	0.392026
0.510000	0.390685
0.511000	0.389345
0.512000	0.388006
0.513000	0.386669
0.514000	0.385332
0.515000	0.383997
0.516000	0.382663
0.517000	0.381330
0.518000	0.379998
0.519000	0.378667
0.520000	0.377338
0.521000	0.376009
0.522000	0.374682
0.523000	0.373356
0.524000	0.372031
0.525000	0.370708
0.526000	0.369386
0.527000	0.368065
0.528000	0.366745
0.529000	0.365426
0.530000	0.364109
0.531000	0.362793
0.532000	0.361478
0.533000	0.360164
0.534000	0.358852
0.535000	0.357541
0.536000	0.356231
0.537000	0.354923
0.538000	0.353615
0.539000	0.352310
0.540000	0.351005
0.541000	0.349702
0.542000	0.348400
0.543000	0.347100
0.544000	0.345801
0.545000	0.344503
0.546000	0.343206
0.547000	0.341911
0.548000	0.340618
0.549000	0.339325
0.550000	0.338034
0.551000	0.336745
0.552000	0.335457
0.553000	0.334170
0.554000	0.332885
0.555000	0.331601
0.556000	0.330319
0.557000	0.329038
0.558000	0.327758
0.559000	0.326480
0.560000	0.325204
0.561000	0.323929
0.562000	0.322655
0.563000	0.321383
0.564000	0.320112
0.565000	0.318843
0.566000	0.317575
0.567000	0.316309
0.568000	0.315045
0.569000	0.313782
0.570000	0.312520
0.571000	0.311260
0.572000	0.310001
0.573000	0.308745
0.574000	0.307489
0.575000	0.306235
0.576000	0.304983
0.577000	0.303733
0.578000	0.302484
0.579000	0.301236
0.580000	0.299990
0.581000	0.298746
0.582000	0.297503
0.583000	0.296262
0.584000	0.295023
0.585000	0.293785
0.586000	0.292549
0.587000	0.291315
0.588000	0.290082
0.589000	0.288851
0.590000	0.287622
0.591000	0.286394
0.592000	0.285168
0.593000	0.283944
0.594000	0.282721
0.595000	0.281500
0.596000	0.280281
0.597000	0.279063
0.598000	0.277847
0.599000	0.276633
0.600000	0.275421
0.601000	0.274211
0.602000	0.273002
0.603000	0.271795
0.604000	0.270589
0.605000	0.269386
0.606000	0.268184
0.607000	0.266984
0.608000	0.265786
0.609000	0.264590
0.610000	0.263395
0.611000	0.262203
0.612000	0.261012
0.613000	0.259823
0.614000	0.258636
0.615000	0.257450
0.616000	0.256267
0.617000	0.255085
0.618000	0.253905
0.619000	0.252727
0.620000	0.251551
0.621000	0.250377
0.622000	0.249205
0.623000	0.248035
0.624000	0.246866
0.625000	0.245700
0.626000	0.244535
0.627000	0.243372
0.628000	0.242212
0.629000	0.241053
0.630000	0.239896
0.631000	0.238741
0.632000	0.237588
0.633000	0.236437
0.634000	0.235288
0.635000	0.234141
0.636000	0.232996
0.637000	0.231853
0.638000	0.230712
0.639000	0.229573
0.640000	0.228436
0.641000	0.227301
0.642000	0.226168
0.643000	0.225037
0.644000	0.223908
0.645000	0.222781
0.646000	0.221656
0.647000	0.220533
0.648000	0.219412
0.649000	0.218294
0.650000	0.217177
0.651000	0.216063
0.652000	0.214950
0.653000	0.213840
0.654000	0.212732
0.655000	0.211626
0.656000	0.210522
0.657000	0.209420
0.658000	0.208321
0.659000	0.207223
0.660000	0.206128
0.661000	0.205034
0.662000	0.203943
0.663000	0.202854
0.664000	0.201768
0.665000	0.200683
0.666000	0.199601
0.667000	0.198520
0.668000	0.197442
0.669000	0.196367
0.670000	0.195293
0.671000	0.194222
0.672000	0.193153
0.673000	0.192086
0.674000	0.191021
0.675000	0.189959
0.676000	0.188898
0.677000	0.187841
0.678000	0.186785
0.679000	0.185732
0.680000	0.184680
0.681000	0.183632
0.682000	0.182585
0.683000	0.181541
0.684000	0.180499
0.685000	0.179459
0.686000	0.178422
0.687000	0.177387
0.688000	0.176354
0.689000	0.175324
0.690000	0.174296
0.691000	0.173270
0.692000	0.172247
0.693000	0.171226
0.694000	0.170208
0.695000	0.169192
0.696000	0.168178
0.697000	0.167166
0.698000	0.166157
0.699000	0.165151
0.700000	0.164147
0.701000	0.163145
0.702000	0.162146
0.703000	0.161149
0.704000	0.160154
0.705000	0.159162
0.706000	0.158172
0.707000	0.157185
0.708000	0.156201
0.709000	0.155218
0.710000	0.154239
0.711000	0.153261
0.712000	0.152286
0.713000	0.151314
0.714000	0.150344
0.715000	0.149377
0.716000	0.148412
0.717000	0.147450
0.718000	0.146490
0.719000	0.145533
0.720000	0.144578
0.721000	0.143626
0.722000	0.142676
0.723000	0.141729
0.724000	0.140785
0.725000	0.139843
0.726000	0.138904
0.727000	0.137967
0.728000	0.137033
0.729000	0.136101
0.730000	0.135172
0.731000	0.134246
0.732000	0.133322
0.733000	0.132401
0.734000	0.131482
0.735000	0.130566
0.736000	0.129653
0.737000	0.128742
0.738000	0.127834
0.739000	0.126929
0.740000	0.126026
0.741000	0.125126
0.742000	0.124229
0.743000	0.123334
0.744000	0.122442
0.745000	0.121553
0.746000	0.120667
0.747000	0.119783
0.748000	0.118902
0.749000	0.118023
0.750000	0.117148
0.751000	0.116275
0.752000	0.115404
0.753000	0.114537
0.754000	0.113672
0.755000	0.112810
0.756000	0.111951
0.757000	0.111095
0.758000	0.110241
0.759000	0.109390
0.760000	0.108542
0.761000	0.107697
0.762000	0.106854
0.763000	0.106015
0.764000	0.105178
0.765000	0.104344
0.766000	0.103513
0.767000	0.102684
0.768000	0.101859
0.769000	0.101036
0.770000	0.100216
0.771000	0.099399
0.772000	0.098585
0.773000	0.097774
0.774000	0.096966
0.775000	0.096160
0.776000	0.095357
0.777000	0.094558
0.778000	0.093761
0.779000	0.092967
0.780000	0.092176
0.781000	0.091388
0.782000	0.090603
0.783000	0.089821
0.784000	0.089041
0.785000	0.088265
0.786000	0.087492
0.787000	0.086721
0.788000	0.085954
0.789000	0.085189
0.790000	0.084428
0.791000	0.083669
0.792000	0.082914
0.793000	0.082161
0.794000	0.081412
0.795000	0.080665
0.796000	0.079922
0.797000	0.079181
0.798000	0.078444
0.799000	0.077709
0.800000	0.076978
0.801000	0.076250
0.802000	0.075524
0.803000	0.074802
0.804000	0.074083
0.805000	0.073367
0.806000	0.072654
0.807000	0.071944
0.808000	0.071237
0.809000	0.070533
0.810000	0.069833
0.811000	0.069135
0.812000	0.068441
0.813000	0.067749
0.814000	0.067061
0.815000	0.066376
0.816000	0.065694
0.817000	0.065015
0.818000	0.064340
0.819000	0.063667
0.820000	0.062998
0.821000	0.062332
0.822000	0.061669
0.823000	0.061009
0.824000	0.060352
0.825000	0.059699
0.826000	0.059049
0.827000	0.058402
0.828000	0.057758
0.829000	0.057117
0.830000	0.056480
0.831000	0.055846
0.832000	0.055215
0.833000	0.054587
0.834000	0.053963
0.835000	0.053342
0.836000	0.052724
0.837000	0.052109
0.838000	0.051498
0.839000	0.050890
0.840000	0.050285
0.841000	0.049683
0.842000	0.049085
0.843000	0.048490
0.844000	0.047899
0.845000	0.047310
0.846000	0.046725
0.847000	0.046144
0.848000	0.045565
0.849000	0.044990
0.850000	0.044419
0.851000	0.043850
0.852000	0.043285
0.853000	0.042724
0.854000	0.042166
0.855000	0.041611
0.856000	0.041059
0.857000	0.040511
0.858000	0.039967
0.859000	0.039425
0.860000	0.038888
0.861000	0.038353
0.862000	0.037822
0.863000	0.037295
0.864000	0.036770
0.865000	0.036250
0.866000	0.035732
0.867000	0.035218
0.868000	0.034708
0.869000	0.034201
0.870000	0.033698
0.871000	0.033198
0.872000	0.032701
0.873000	0.032208
0.874000	0.031719
0.875000	0.031233
0.876000	0.030750
0.877000	0.030271
0.878000	0.029795
0.879000	0.029323
0.880000	0.028855
0.881000	0.028390
0.882000	0.027929
0.883000	0.027471
0.884000	0.027016
0.885000	0.026566
0.886000	0.026119
0.887000	0.025675
0.888000	0.025235
0.889000	0.024798
0.890000	0.024366
0.891000	0.023936
0.892000	0.023511
0.893000	0.023088
0.894000	0.022670
0.895000	0.022255
0.896000	0.021844
0.897000	0.021436
0.898000	0.021032
0.899000	0.020632
0.900000	0.020235
0.901000	0.019842
0.902000	0.019453
0.903000	0.019067
0.904000	0.018685
0.905000	0.018307
0.906000	0.017932
0.907000	0.017561
0.908000	0.017194
0.909000	0.016830
0.910000	0.016470
0.911000	0.016114
0.912000	0.015762
0.913000	0.015413
0.914000	0.015068
0.915000	0.014727
0.916000	0.014389
0.917000	0.014055
0.918000	0.013725
0.919000	0.013399
0.920000	0.013076
0.921000	0.012758
0.922000	0.012443
0.923000	0.012131
0.924000	0.011824
0.925000	0.011520
0.926000	0.011221
0.927000	0.010925
0.928000	0.010633
0.929000	0.010344
0.930000	0.010060
0.931000	0.009779
0.932000	0.009502
0.933000	0.009229
0.934000	0.008960
0.935000	0.008695
0.936000	0.008433
0.937000	0.008176
0.938000	0.007922
0.939000	0.007672
0.940000	0.007426
0.941000	0.007184
0.942000	0.006946
0.943000	0.006712
0.944000	0.006481
0.945000	0.006255
0.946000	0.006032
0.947000	0.005814
0.948000	0.005599
0.949000	0.005388
0.950000	0.005181
0.951000	0.004979
0.952000	0.004780
0.953000	0.004585
0.954000	0.004394
0.955000	0.004207
0.956000	0.004024
0.957000	0.003845
0.958000	0.003670
0.959000	0.003499
0.960000	0.003332
0.961000	0.003169
0.962000	0.003010
0.963000	0.002855
0.964000	0.002704
0.965000	0.002557
0.966000	0.002414
0.967000	0.002275
0.968000	0.002140
0.969000	0.002010
0.970000	0.001883
0.971000	0.001760
0.972000	0.001642
0.973000	0.001527
0.974000	0.001417
0.975000	0.001311
0.976000	0.001208
0.977000	0.001110
0.978000	0.001016
0.979000	0.000926
0.980000	0.000841
0.981000	0.000759
0.982000	0.000682
0.983000	0.000608
0.984000	0.000539
0.985000	0.000474
0.986000	0.000413
0.987000	0.000356
0.988000	0.000304
0.989000	0.000255
0.990000	0.000211
0.991000	0.000171
0.992000	0.000135
0.993000	0.000104
0.994000	0.000076
0.995000	0.000053
0.996000	0.000034
0.997000	0.000019
0.998000	0.000008
0.999000	0.000002
1.000000	0.000000
